x: [15,15,15, 12,12,12, 18,18,18]
y: [3, 0, -3, 3, 0, -3, 3, 0, -3]
theta: [0, 1.57079633,0, 1.57079633, 0, 1.57079633, 1.57079633, 0, 1.57079633]